{
  "accessors": [
    {
      "bufferView": 2,
      "componentType": 5126,
      "count": 282,
      "max": [
        1.023110032081604,
        0.12898999452590942,
        4.539609909057617
      ],
      "min": [
        -0.8062700033187866,
        -0.12898999452590942,
        0.037620000541210175
      ],
      "type": "VEC3"
    },
    {
      "bufferView": 2,
      "byteOffset": 3384,
      "componentType": 5126,
      "count": 282,
      "max": [
        0.9978010654449463,
        1.0,
        0.8943191766738892
      ],
      "min": [
        -0.9610186219215393,
        -1.0,
        -0.3544013202190399
      ],
      "type": "VEC3"
    },
    {
      "bufferView": 1,
      "componentType": 5126,
      "count": 282,
      "max": [
        1.0,
        1.0
      ],
      "min": [
        0.0,
        0.0
      ],
      "type": "VEC2"
    },
    {
      "bufferView": 0,
      "componentType": 5125,
      "count": 336,
      "type": "SCALAR"
    },
    {
      "bufferView": 2,
      "byteOffset": 6768,
      "componentType": 5126,
      "count": 304,
      "max": [
        1.232450008392334,
        0.14264999330043793,
        4.772059917449951
      ],
      "min": [
        0.256740003824234,
        -0.14264999330043793,
        3.0354299545288086
      ],
      "type": "VEC3"
    },
    {
      "bufferView": 2,
      "byteOffset": 10416,
      "componentType": 5126,
      "count": 304,
      "max": [
        0.9756580591201782,
        0.9999880790710449,
        0.9891849160194397
      ],
      "min": [
        -0.9887058734893799,
        -0.9999880790710449,
        -0.9956353306770325
      ],
      "type": "VEC3"
    },
    {
      "bufferView": 1,
      "byteOffset": 2256,
      "componentType": 5126,
      "count": 304,
      "max": [
        1.0,
        1.0
      ],
      "min": [
        0.0,
        0.0
      ],
      "type": "VEC2"
    },
    {
      "bufferView": 0,
      "byteOffset": 1344,
      "componentType": 5125,
      "count": 432,
      "type": "SCALAR"
    }
  ],
  "asset": {
    "extras": {
      "author": "GGklin (https://sketchfab.com/GGklin)",
      "license": "CC-BY-4.0 (http://creativecommons.org/licenses/by/4.0/)",
      "source": "https://sketchfab.com/3d-models/low-poly-knife-dee8c21951e14a47b8985dc8718f222b",
      "title": "Low Poly Knife"
    },
    "generator": "Sketchfab-12.66.0",
    "version": "2.0"
  },
  "bufferViews": [
    {
      "buffer": 0,
      "byteLength": 3072,
      "name": "floatBufferViews",
      "target": 34963
    },
    {
      "buffer": 0,
      "byteLength": 4688,
      "byteOffset": 3072,
      "byteStride": 8,
      "name": "floatBufferViews",
      "target": 34962
    },
    {
      "buffer": 0,
      "byteLength": 14064,
      "byteOffset": 7760,
      "byteStride": 12,
      "name": "floatBufferViews",
      "target": 34962
    }
  ],
  "buffers": [
    {
      "byteLength": 21824,
      "uri": "scene.bin"
    }
  ],
  "extensionsRequired": [
    "KHR_materials_pbrSpecularGlossiness"
  ],
  "extensionsUsed": [
    "KHR_materials_pbrSpecularGlossiness"
  ],
  "materials": [
    {
      "doubleSided": true,
      "extensions": {
        "KHR_materials_pbrSpecularGlossiness": {
          "diffuseFactor": [
            0.41254261348390375,
            0.3662525955988395,
            0.3712376804741491,
            1.0
          ],
          "glossinessFactor": 1.0,
          "specularFactor": [
            0.0,
            0.0,
            0.0
          ]
        }
      },
      "name": "Material"
    },
    {
      "doubleSided": true,
      "extensions": {
        "KHR_materials_pbrSpecularGlossiness": {
          "diffuseFactor": [
            0.3005437944157765,
            0.07227185068231748,
            0.023153366178110396,
            1.0
          ],
          "glossinessFactor": 1.0,
          "specularFactor": [
            0.0,
            0.0,
            0.0
          ]
        }
      },
      "name": "Material.001"
    }
  ],
  "meshes": [
    {
      "name": "Cube_0",
      "primitives": [
        {
          "attributes": {
            "NORMAL": 1,
            "POSITION": 0,
            "TEXCOORD_0": 2
          },
          "indices": 3,
          "material": 0,
          "mode": 4
        }
      ]
    },
    {
      "name": "Cube_1",
      "primitives": [
        {
          "attributes": {
            "NORMAL": 5,
            "POSITION": 4,
            "TEXCOORD_0": 6
          },
          "indices": 7,
          "material": 1,
          "mode": 4
        }
      ]
    }
  ],
  "nodes": [
    {
      "children": [
        1
      ],
      "matrix": [
        1.0,
        0.0,
        0.0,
        0.0,
        0.0,
        2.220446049250313e-16,
        -1.0,
        0.0,
        0.0,
        1.0,
        2.220446049250313e-16,
        0.0,
        0.0,
        0.0,
        0.0,
        1.0
      ],
      "name": "Sketchfab_model"
    },
    {
      "children": [
        2,
        4,
        6
      ],
      "name": "Root"
    },
    {
      "children": [
        3
      ],
      "matrix": [
        -0.04969000000000001,
        0.0025500000000000006,
        -0.99876,
        0.0,
        -0.011750000000000003,
        0.99993,
        0.003140000000000001,
        0.0,
        0.9987,
        0.011890000000000003,
        -0.049650000000000014,
        0.0,
        6.38601,
        -0.009810000000000003,
        1.3761500000000002,
        1.0
      ],
      "name": "Secundaria"
    },
    {
      "name": "Secundaria"
    },
    {
      "children": [
        5
      ],
      "matrix": [
        -0.31133000000000005,
        0.19639000000000004,
        -0.9297900000000001,
        0.0,
        -0.46207000000000004,
        -0.8862500000000001,
        -0.03248,
        0.0,
        -0.8304,
        0.41951000000000005,
        0.36666000000000004,
        0.0,
        -4.579680000000001,
        2.6885200000000005,
        4.489280000000001,
        1.0
      ],
      "name": "Principal"
    },
    {
      "name": "Principal"
    },
    {
      "children": [
        7,
        8
      ],
      "matrix": [
        0.72735,
        0.6591800000000001,
        -0.19088000000000002,
        0.0,
        -0.6839500000000002,
        0.71913,
        -0.12278000000000001,
        0.0,
        0.05634000000000001,
        0.21986000000000003,
        0.9739,
        0.0,
        0.0,
        0.0,
        0.0,
        1.0
      ],
      "name": "Cube"
    },
    {
      "mesh": 0,
      "name": "Cube_0"
    },
    {
      "mesh": 1,
      "name": "Cube_1"
    }
  ],
  "scene": 0,
  "scenes": [
    {
      "name": "Sketchfab_Scene",
      "nodes": [
        0
      ]
    }
  ]
}
